[LEFT_CAM_2K]
fx=1902.98
fy=1903.69
cx=1071.25
cy=650.443
k1=-0.0609085
k2=-0.0564477
p1=-0.000308128
p2=-0.000296519
k3=-0.0117906

[RIGHT_CAM_2K]
fx=1905.67
fy=1906.47
cx=1051.66
cy=654.57
k1=-0.0699429
k2=-0.0171053
p1=0.000145829
p2=-0.000309851
k3=-0.0578735

[LEFT_CAM_FHD]
fx=1902.98
fy=1903.69
cx=927.25
cy=569.443
k1=-0.0609085
k2=-0.0564477
p1=-0.000308128
p2=-0.000296519
k3=-0.0117906

[RIGHT_CAM_FHD]
fx=1905.67
fy=1906.47
cx=907.66
cy=573.57
k1=-0.0699429
k2=-0.0171053
p1=0.000145829
p2=-0.000309851
k3=-0.0578735

[LEFT_CAM_HD]
fx=951.49
fy=951.845
cx=622.125
cy=373.2215
k1=-0.0609085
k2=-0.0564477
p1=-0.000308128
p2=-0.000296519
k3=-0.0117906

[RIGHT_CAM_HD]
fx=952.835
fy=953.235
cx=612.33
cy=375.285
k1=-0.0699429
k2=-0.0171053
p1=0.000145829
p2=-0.000309851
k3=-0.0578735

[LEFT_CAM_VGA]
fx=475.745
fy=475.9225
cx=326.5625
cy=194.11075
k1=-0.0609085
k2=-0.0564477
p1=-0.000308128
p2=-0.000296519
k3=-0.0117906

[RIGHT_CAM_VGA]
fx=476.4175
fy=476.6175
cx=321.665
cy=195.1425
k1=-0.0699429
k2=-0.0171053
p1=0.000145829
p2=-0.000309851
k3=-0.0578735

[LEFT_DISTO]
k1=-2.37363
k2=19.5563
k3=-7.46011
k4=-2.28356
k5=19.2519
k6=-5.71332
p1=-0.000308221
p2=-0.000239926

[RIGHT_DISTO]
k1=0.0923834
k2=13.5116
k3=-4.49129
k4=0.189652
k5=13.3491
k6=-3.01926
p1=0.000174301
p2=-0.000332971

[STEREO]
Baseline=120.09
TY=-0.209713
TZ=0.314986
CV_2K=-0.000195433
CV_FHD=-0.000195433
CV_HD=-0.000195433
CV_VGA=-0.000195433
RX_2K=5.11142e-05
RX_FHD=5.11142e-05
RX_HD=5.11142e-05
RX_VGA=5.11142e-05
RZ_2K=0.00245818
RZ_FHD=0.00245818
RZ_HD=0.00245818
RZ_VGA=0.00245818

[MISC]
Sensor_ID=0

